original_column_name,column_name,column_description,data_format,value_description
mth,mth,,text,
product_id,product_id,,integer,
qty,qty,,real,
